variable,Var_A,Var_B,Var_C,Var_D,Var_E,Var_F
Var_A,1.000,0.823,0.156,-0.342,0.089,0.567
Var_B,0.823,1.000,0.234,-0.456,0.123,0.678
Var_C,0.156,0.234,1.000,0.789,-0.234,0.012
Var_D,-0.342,-0.456,0.789,1.000,-0.567,-0.234
Var_E,0.089,0.123,-0.234,-0.567,1.000,0.345
Var_F,0.567,0.678,0.012,-0.234,0.345,1.000
